# ブロックの設置
SET_NUMBER 1
SET 400.00  300.00  0.00 0
SET -400.00 300.00  0.00 0
SET 600.00  100.00  0.00 1
SET -600.00 100.00  0.00 0
SET 0.00    700.00 0.00 0
SET 0.00    -100.00  0.00 1
SET 400.00  -500.00  0.00 0
SET -400.00 -500.00  0.00 0
SET 600.00  -300.00  0.00 1
SET -600.00 -300.00  0.00 0
SET 0.00    -900.00 0.00 0
SET_NUMBER 2
SET 200.00  500.00  0.00 0
SET -300.00 300.00  0.00 0
SET 800.00  100.00  0.00 1
SET -400.00 700.00  0.00 0
SET 10.00    700.00 0.00 0
SET 30.00    -100.00  0.00 1
SET 400.00  -300.00  0.00 0
SET -400.00 -300.00  0.00 0
SET 800.00  -800.00  0.00 1
SET -900.00 -150.00  0.00 0
SET 0.00    -900.00 0.00 0
SET_NUMBER 3
SET 300.00    0.00 0.00 0
SET 00.00    -400.00 0.00 0
SET -300.00    0.00 0.00 1
SET 0.00     400.00  0.00 1
SET_NUMBER 4
SET 200.00    0.00 0.00 0
SET 00.00    -200.00 0.00 0
SET 00.00     0.00 0.00 1
SET -200.00    0.00 0.00 0
SET 0.00     200.00  0.00 0
SET_NUMBER 5
SET 700.00    0.00 0.00 0
SET 500.00    -200.00 0.00 0
SET 500.00     0.00 0.00 1
SET 300.00    0.00 0.00 0
SET 500.00     200.00  0.00 0
SET_NUMBER 6
SET 150.00     150.00 0.00 0
SET 150.00    -150.00 0.00 0
SET -150.00     150.00 0.00 0
SET -150.00    -150.00 0.00 0
SET_NUMBER 7
SET 150.00     150.00 0.00 0
SET 150.00    -150.00 0.00 0
SET -150.00     150.00 0.00 0
SET -150.00    -150.00 0.00 0
END
